18020,2652,0.00,1
19020,2672,0.00,1
20020,2653,0.00,1
21020,2649,0.00,1
22020,2653,0.00,1
23020,2667,0.00,1
24020,2655,0.00,1
25020,2646,0.00,1
26020,2651,0.00,1
27020,2657,0.00,1
28020,2655,0.00,1
29020,2657,0.00,1
30020,2656,0.00,1
31020,2645,0.00,1
32020,2646,0.00,1
33020,2659,0.00,1
34020,2658,0.00,1
35020,2641,0.00,1
36020,2613,0.00,1
37020,2646,0.00,1
38020,2658,0.00,1
39020,2653,0.00,1
40020,2651,0.00,1
41020,2650,0.00,1
42020,2643,0.00,1
43020,2654,0.00,1
44020,2650,0.00,1
45020,2650,0.00,1
46020,2655,0.00,1
47020,2651,0.00,1
48020,2663,0.00,1
49020,2655,0.00,1
50020,2675,0.00,1
51020,2651,0.00,1
52020,2659,0.00,1
53020,2661,0.00,1
54020,2659,0.00,1
55020,2635,0.00,1
56020,2658,0.00,1
57020,2672,0.00,1
58020,2667,0.00,1
59020,2667,0.00,1
60020,2672,0.00,1
61020,2656,0.00,1
62020,2663,0.00,1
63020,2659,0.00,1
64020,2667,0.00,1
65020,2657,0.00,1
66020,2660,0.00,1
67020,2658,0.00,1
68020,2657,0.00,1
69020,2698,0.00,1
70020,2656,0.00,1
71020,2663,0.00,1
72020,2657,0.00,1
73020,2666,0.00,1
74020,2665,0.00,1
75020,2657,0.00,1
76020,2658,0.00,1
77020,2657,0.00,1
78020,2676,0.00,1
79020,2616,0.00,1
80020,2667,0.00,1
81020,2837,0.00,1
82020,2671,0.00,1
83020,2661,0.00,1
84020,2656,0.00,1
85020,2662,0.00,1
86020,2661,0.00,1
87020,2666,0.00,1
88020,2709,0.00,1
89020,2662,0.00,1
90020,2663,0.00,1
91020,2667,0.00,1
92020,2640,0.00,1
93020,2662,0.00,1
94020,2657,0.00,1
95020,2666,0.00,1
96020,2660,0.00,1
97020,2662,0.00,1
98020,2660,0.00,1
99020,2662,0.00,1
100020,2663,0.00,1
101020,2656,0.00,1
102020,2652,0.00,1
103020,2665,0.00,1
104020,2657,0.00,1
105020,2581,1.36,1
106020,2658,0.00,1
107020,2625,0.00,1
108020,2658,0.00,1
109020,2661,0.00,1
110020,2656,0.00,1
111020,2646,0.00,1
112020,2658,0.00,1
113020,2672,0.00,1
114020,2597,0.21,1
115020,2592,0.57,1
116020,2657,0.00,1
117020,2661,0.00,1
118020,2641,0.00,1
119020,2660,0.00,1
120020,2655,0.00,1
121020,2634,0.00,1
122020,2657,0.00,1
123020,2660,0.00,1
124020,2654,0.00,1
125020,2661,0.00,1
126020,2660,0.00,1
127020,2655,0.00,1
128020,2655,0.00,1
129020,2655,0.00,1
130020,2659,0.00,1
131020,2635,0.00,1
132020,2811,0.00,1
133020,2655,0.00,1
134020,2655,0.00,1
135020,2651,0.00,1
136020,2651,0.00,1
137020,2655,0.00,1
138020,2681,0.00,1
139020,2657,0.00,1
140020,2654,0.00,1
141020,2655,0.00,1
142020,2654,0.00,1
143020,2647,0.00,1
144020,2679,0.00,1
145020,2652,0.00,1
146020,2683,0.00,1
147020,2634,0.00,1
148020,2620,0.00,1
149020,2615,0.00,1
150020,2607,0.00,1
151020,1903,49.79,0
152020,2238,25.86,1
153020,1998,43.00,0
154020,2229,26.50,1
155020,1776,58.86,0
156020,1776,58.86,0
157020,1772,59.14,0
158020,1758,60.14,0
159020,1763,59.79,0
160020,1754,60.43,0
161020,1759,60.07,0
162020,1715,63.21,0
163020,1755,60.36,0
164020,1755,60.36,0
165020,1707,63.79,0
166020,1709,63.64,0
167020,1699,64.36,0
168020,1696,64.57,0
169020,1705,63.93,0
170020,1707,63.79,0
171020,1706,63.86,0
172020,1712,63.43,0
173020,1717,63.07,0
174020,1712,63.43,0
175020,1712,63.43,0
176020,1712,63.43,0
177020,1717,63.07,0
178020,1726,62.43,0
179020,1714,63.29,0
180020,1709,63.64,0
181020,1697,64.50,0
182020,1701,64.21,0
183020,1706,63.86,0
184020,1705,63.93,0
185020,1694,64.71,0
186020,1698,64.43,0
187020,1822,55.57,0
188020,1701,64.21,0
189020,1693,64.79,0
190020,1666,66.71,0
191020,1669,66.50,0
192020,1695,64.64,0
193020,1652,67.71,0
194020,1680,65.71,0
195020,1671,66.36,0
196020,1680,65.71,0
197020,1667,66.64,0
198020,1675,66.07,0
199020,1677,65.93,0
200020,1675,66.07,0
201020,1632,69.14,0
202020,1671,66.36,0
203020,1675,66.07,0
204020,1687,65.21,0
205020,2463,9.79,1
206020,2485,8.21,1
207020,2310,20.71,1
208020,1425,83.93,0
209020,1371,87.79,0
210020,1376,87.43,0
211020,1407,85.21,0
212020,1367,88.07,0
213020,1373,87.64,0
214020,1371,87.79,0
215020,1365,88.21,0
216020,1419,84.36,0
217020,1433,83.36,0
218020,1371,87.79,0
219020,1376,87.43,0
220020,1366,88.14,0
221020,1371,87.79,0
222020,1374,87.57,0
223020,1374,87.57,0
224020,1376,87.43,0
225020,1373,87.64,0
226020,1374,87.57,0
227020,1373,87.64,0
228020,1378,87.29,0
229020,1259,95.79,0
230020,1370,87.86,0
231020,1377,87.36,0
232020,1373,87.64,0
233020,1364,88.29,0
234020,1367,88.07,0
235020,1365,88.21,0
236020,1369,87.93,0
237020,1373,87.64,0
238020,1370,87.86,0
239020,1371,87.79,0
240020,1373,87.64,0
241020,1375,87.50,0
242020,1377,87.36,0
243020,1280,94.29,0
244020,1375,87.50,0
245020,1365,88.21,0
246020,1373,87.64,0
247020,1366,88.14,0
248020,1367,88.07,0
249020,1371,87.79,0
250020,1369,87.93,0
251020,1373,87.64,0
252020,1363,88.36,0
253020,1385,86.79,0
254020,1370,87.86,0
255020,1363,88.36,0
256020,1365,88.21,0
257020,1347,89.50,0
258020,1375,87.50,0
259020,1328,90.86,0
260020,1369,87.93,0
261020,1365,88.21,0
262020,1368,88.00,0
263020,1363,88.36,0
264020,1392,86.29,0
265020,1366,88.14,0
266020,1505,78.21,0
267020,1370,87.86,0
268020,1367,88.07,0
269020,1306,92.43,0
270020,1375,87.50,0
271020,1372,87.71,0
272020,1360,88.57,0
273020,1360,88.57,0
274020,1362,88.43,0
275020,1363,88.36,0
276020,1371,87.79,0
277020,1362,88.43,0
278020,1364,88.29,0
279020,1367,88.07,0
280020,1363,88.36,0
281020,1366,88.14,0
282020,1363,88.36,0
283020,1360,88.57,0
284020,1365,88.21,0
285020,1408,85.14,0
286020,1363,88.36,0
287020,1360,88.57,0
288020,1366,88.14,0
289020,1366,88.14,0
290020,1365,88.21,0
291020,1361,88.50,0
292020,1406,85.29,0
293020,1366,88.14,0
294020,1424,84.00,0
295020,1425,83.93,0
296020,1482,79.86,0
297020,1408,85.14,0
298020,1386,86.71,0
299020,1379,87.21,0
300020,1392,86.29,0
301020,1374,87.57,0
302020,1381,87.07,0
303020,1411,84.93,0
304020,1411,84.93,0
305020,1395,86.07,0
306020,1361,88.50,0
307020,1371,87.79,0
308020,1414,84.71,0
309020,1415,84.64,0
310020,1421,84.21,0
311020,1414,84.71,0
312020,1419,84.36,0
313020,1417,84.50,0
314020,1403,85.50,0
315020,1562,74.14,0
316020,1367,88.07,0
317020,1329,90.79,0
318020,1374,87.57,0
319020,1307,92.36,0
320020,1376,87.43,0
321020,1363,88.36,0
322020,1367,88.07,0
323020,1362,88.43,0
324020,1371,87.79,0
325020,1329,90.79,0
326020,1291,93.50,0
327020,1373,87.64,0
328020,1380,87.14,0
329020,1376,87.43,0
330020,1393,86.21,0
331020,1370,87.86,0
332020,1370,87.86,0
333020,1369,87.93,0
334020,1382,87.00,0
335020,1373,87.64,0
336020,1346,89.57,0
337020,1373,87.64,0
338020,1369,87.93,0
339020,1410,85.00,0
340020,1375,87.50,0
341020,1383,86.93,0
342020,1381,87.07,0
343020,1395,86.07,0
344020,1376,87.43,0
345020,1382,87.00,0
346020,1395,86.07,0
347020,1388,86.57,0
348020,1331,90.64,0
349020,1375,87.50,0
350020,1385,86.79,0
351020,1374,87.57,0
352020,1374,87.57,0
353020,1382,87.00,0
354020,1423,84.07,0
355020,1374,87.57,0
356020,1377,87.36,0
357020,1377,87.36,0
358020,1329,90.79,0
359020,1381,87.07,0
360020,1373,87.64,0
361020,1359,88.64,0
362020,1371,87.79,0
363020,1411,84.93,0
364020,1366,88.14,0
365020,1782,58.43,0
366020,2021,41.36,1
367020,1973,44.79,0
368020,1872,52.00,0
369020,1807,56.64,0
370020,1837,54.50,0
371020,1808,56.57,0
372020,1811,56.36,0
373020,1808,56.57,0
374020,1719,62.93,0
375020,1807,56.64,0
376020,1808,56.57,0
377020,1860,52.86,0
378020,1807,56.64,0
379020,1806,56.71,0
380020,1808,56.57,0
381020,1835,54.64,0
382020,1829,55.07,0
383020,1807,56.64,0
384020,1801,57.07,0
385020,1813,56.21,0
386020,1802,57.00,0
387020,1809,56.50,0
388020,1809,56.50,0
389020,1807,56.64,0
390020,1802,57.00,0
391020,1853,53.36,0
392020,1744,61.14,0
393020,1740,61.43,0
394020,1794,57.57,0
395020,1753,60.50,0
396020,1729,62.21,0
397020,1759,60.07,0
398020,1761,59.93,0
399020,1770,59.29,0
400020,1766,59.57,0
401020,1806,56.71,0
402020,1762,59.86,0
403020,1763,59.79,0
404020,1771,59.21,0
405020,1747,60.93,0
406020,1728,62.29,0
407020,1747,60.93,0
408020,1750,60.71,0
409020,1630,69.29,0
410020,1748,60.86,0
411020,1739,61.50,0
412020,1744,61.14,0
413020,1718,63.00,0
414020,1759,60.07,0
415020,1755,60.36,0
416020,1747,60.93,0
417020,1754,60.43,0
418020,1667,66.64,0
419020,1760,60.00,0
420020,1761,59.93,0
421020,1700,64.29,0
422020,1762,59.86,0
423020,1746,61.00,0
424020,1747,60.93,0
425020,1757,60.21,0
426020,1744,61.14,0
427020,1791,57.79,0
428020,1749,60.79,0
429020,1742,61.29,0
430020,1759,60.07,0
431020,1771,59.21,0
432020,1776,58.86,0
433020,1765,59.64,0
434020,1776,58.86,0
435020,1758,60.14,0
436020,1761,59.93,0
437020,1797,57.36,0
438020,1764,59.71,0
439020,1763,59.79,0
440020,1784,58.29,0
441020,1763,59.79,0
442020,1770,59.29,0
443020,1755,60.36,0
444020,1767,59.50,0
445020,1763,59.79,0
446020,1762,59.86,0
447020,1815,56.07,0
448020,1776,58.86,0
449020,1766,59.57,0
450020,1776,58.86,0
451020,1776,58.86,0
452020,1775,58.93,0
453020,1763,59.79,0
454020,1763,59.79,0
455020,1765,59.64,0
456020,1751,60.64,0
457020,1763,59.79,0
458020,1790,57.86,0
459020,1744,61.14,0
460020,1762,59.86,0
461020,1768,59.43,0
462020,1776,58.86,0
463020,1765,59.64,0
464020,1765,59.64,0
465020,1855,53.21,0
466020,1817,55.93,0
467020,1791,57.79,0
468020,1731,62.07,0
469020,1760,60.00,0
470020,1774,59.00,0
471020,1731,62.07,0
472020,1778,58.71,0
473020,1759,60.07,0
474020,1778,58.71,0
475020,1776,58.86,0
476020,1775,58.93,0
477020,1775,58.93,0
478020,1776,58.86,0
479020,1776,58.86,0
480020,1780,58.57,0
481020,1776,58.86,0
482020,1779,58.64,0
483020,1777,58.79,0
484020,1778,58.71,0
485020,1772,59.14,0
486020,1769,59.36,0
487020,1771,59.21,0
488020,1787,58.07,0
489020,1766,59.57,0
490020,1776,58.86,0
491020,1776,58.86,0
492020,1750,60.71,0
493020,1808,56.57,0
494020,1776,58.86,0
495020,1770,59.29,0
496020,1733,61.93,0
497020,1777,58.79,0
498020,1794,57.57,0
499020,1776,58.86,0
500020,1773,59.07,0
501020,1783,58.36,0
502020,1778,58.71,0
503020,1788,58.00,0
504020,1759,60.07,0
505020,1779,58.64,0
506020,1780,58.57,0
507020,1774,59.00,0
508020,1776,58.86,0
509020,1781,58.50,0
510020,1765,59.64,0
511020,1779,58.64,0
512020,1803,56.93,0
513020,1776,58.86,0
514020,1790,57.86,0
515020,1783,58.36,0
516020,1775,58.93,0
517020,1774,59.00,0
518020,1774,59.00,0
519020,1781,58.50,0
520020,1782,58.43,0
521020,1771,59.21,0
522020,1771,59.21,0
523020,1773,59.07,0
524020,1776,58.86,0
525020,1758,60.14,0
526020,1772,59.14,0
527020,1779,58.64,0
528020,1775,58.93,0
529020,1747,60.93,0
530020,1776,58.86,0
531020,1775,58.93,0
532020,1782,58.43,0
533020,1781,58.50,0
534020,1777,58.79,0
535020,1809,56.50,0
536020,1770,59.29,0
537020,1778,58.71,0
538020,1776,58.86,0
539020,1776,58.86,0
540020,1778,58.71,0
541020,1776,58.86,0
542020,1842,54.14,0
543020,1782,58.43,0
544020,1782,58.43,0
545020,1781,58.50,0
546020,1765,59.64,0
547020,1783,58.36,0
548020,1773,59.07,0
549020,1783,58.36,0
550020,1781,58.50,0
551020,1785,58.21,0
552020,1776,58.86,0
553020,1776,58.86,0
554020,1782,58.43,0
555020,1776,58.86,0
556020,1765,59.64,0
557020,1779,58.64,0
558020,1760,60.00,0
559020,1783,58.36,0
560020,1776,58.86,0
561020,1774,59.00,0
562020,1781,58.50,0
563020,1782,58.43,0
564020,1815,56.07,0
565020,1776,58.86,0
566020,1765,59.64,0
567020,1774,59.00,0
568020,1776,58.86,0
569020,1782,58.43,0
570020,1783,58.36,0
571020,1776,58.86,0
572020,1777,58.79,0
573020,1776,58.86,0
574020,1783,58.36,0
575020,1907,49.50,0
576020,1795,57.50,0
577020,1774,59.00,0
578020,1781,58.50,0
579020,1748,60.86,0
580020,1776,58.86,0
581020,1746,61.00,0
582020,1775,58.93,0
583020,1767,59.50,0
584020,1775,58.93,0
585020,1781,58.50,0
586020,1776,58.86,0
587020,1776,58.86,0
588020,1779,58.64,0
589020,1775,58.93,0
590020,1776,58.86,0
591020,1794,57.57,0
592020,1780,58.57,0
593020,1776,58.86,0
594020,1726,62.43,0
595020,1781,58.50,0
596020,1775,58.93,0
597020,1776,58.86,0
598020,1776,58.86,0
599020,1783,58.36,0
600020,1815,56.07,0
601020,1680,65.71,0
602020,1777,58.79,0
603020,1780,58.57,0
604020,1776,58.86,0
605020,1783,58.36,0
606020,1810,56.43,0
607020,1783,58.36,0
608020,1779,58.64,0
609020,1778,58.71,0
610020,1776,58.86,0
611020,1779,58.64,0
612020,1777,58.79,0
613020,1761,59.93,0
614020,1776,58.86,0
615020,1777,58.79,0
616020,1787,58.07,0
617020,1777,58.79,0
618020,1775,58.93,0
619020,1777,58.79,0
620020,1776,58.86,0
621020,1776,58.86,0
622020,1779,58.64,0
623020,1766,59.57,0
624020,1783,58.36,0
625020,1777,58.79,0
626020,1777,58.79,0
627020,1769,59.36,0
628020,1782,58.43,0
629020,1964,45.43,0
630020,1833,54.79,0
631020,1744,61.14,0
632020,1579,72.93,0
633020,1568,73.71,0
634020,1625,69.64,0
635020,1574,73.29,0
636020,1575,73.21,0
637020,1569,73.64,0
638020,1602,71.29,0
639020,1579,72.93,0
640020,1572,73.43,0
641020,1567,73.79,0
642020,1527,76.64,0
643020,1569,73.64,0
644020,1461,81.36,0
645020,1318,91.57,0
646020,1322,91.29,0
647020,1189,100.00,0
648020,1331,90.64,0
649020,1339,90.07,0
650020,1360,88.57,0
651020,1351,89.21,0
652020,1395,86.07,0
653020,1365,88.21,0
654020,1380,87.14,0
655020,1394,86.14,0
656020,1423,84.07,0
657020,1437,83.07,0
658020,1447,82.36,0
659020,1444,82.57,0
660020,1456,81.71,0
661020,1458,81.57,0
662020,1456,81.71,0
663020,1467,80.93,0
664020,1458,81.57,0
665020,1466,81.00,0
666020,1462,81.29,0
667020,1463,81.21,0
668020,1498,78.71,0
669020,1380,87.14,0
670020,1472,80.57,0
671020,1471,80.64,0
672020,1470,80.71,0
673020,1445,82.50,0
674020,1482,79.86,0
675020,1472,80.57,0
676020,1467,80.93,0
677020,1461,81.36,0
678020,1470,80.71,0
679020,1456,81.71,0
680020,1498,78.71,0
681020,1567,73.79,0
682020,1457,81.64,0
683020,1456,81.71,0
684020,1476,80.29,0
685020,1498,78.71,0
686020,1469,80.79,0
687020,1463,81.21,0
688020,1477,80.21,0
689020,1473,80.50,0
690020,1473,80.50,0
691020,1461,81.36,0
692020,1471,80.64,0
693020,1471,80.64,0
694020,1464,81.14,0
695020,1472,80.57,0
696020,1455,81.79,0
697020,1450,82.14,0
698020,1459,81.50,0
699020,1446,82.43,0
700020,1346,89.57,0
701020,1371,87.79,0
702020,1267,95.21,0
703020,1302,92.71,0
704020,1330,90.71,0
705020,1343,89.79,0
706020,1356,88.86,0
707020,1328,90.86,0
708020,1330,90.71,0
709020,1362,88.43,0
710020,1364,88.29,0
711020,1359,88.64,0
712020,1488,79.43,0
713020,1243,96.93,0
714020,1355,88.93,0
715020,1363,88.36,0
716020,1401,85.64,0
717020,1394,86.14,0
718020,1363,88.36,0
719020,1362,88.43,0
720020,1358,88.71,0
721020,1365,88.21,0
722020,1363,88.36,0
723020,1505,78.21,0
724020,1365,88.21,0
725020,1357,88.79,0
726020,1359,88.64,0
727020,1367,88.07,0
728020,1357,88.79,0
729020,1360,88.57,0
730020,1265,95.36,0
731020,1360,88.57,0
732020,1501,78.50,0
733020,1358,88.71,0
734020,1374,87.57,0
735020,1314,91.86,0
736020,1333,90.50,0
737020,1344,89.71,0
738020,1344,89.71,0
739020,1340,90.00,0
740020,1342,89.86,0
741020,1322,91.29,0
742020,1381,87.07,0
743020,1328,90.86,0
744020,1319,91.50,0
745020,1292,93.43,0
746020,1328,90.86,0
747020,1328,90.86,0
748020,1289,93.64,0
749020,1322,91.29,0
750020,1328,90.86,0
751020,1327,90.93,0
752020,1179,100.00,0
753020,1238,97.29,0
754020,1324,91.14,0
755020,1307,92.36,0
756020,1318,91.57,0
757020,1318,91.57,0
758020,1316,91.71,0
759020,1314,91.86,0
760020,1306,92.43,0
761020,1313,91.93,0
762020,1328,90.86,0
763020,1307,92.36,0
764020,1315,91.79,0
765020,1317,91.64,0
766020,1262,95.57,0
767020,1314,91.86,0
768020,1308,92.29,0
769020,1307,92.36,0
770020,1393,86.21,0
771020,1315,91.79,0
772020,1314,91.86,0
773020,1313,91.93,0
774020,1314,91.86,0
775020,1310,92.14,0
776020,1298,93.00,0
777020,1305,92.50,0
778020,1327,90.93,0
779020,1321,91.36,0
780020,1326,91.00,0
781020,1310,92.14,0
782020,1281,94.21,0
783020,1308,92.29,0
784020,1308,92.29,0
785020,1307,92.36,0
786020,1303,92.64,0
787020,1415,84.64,0
788020,1313,91.93,0
789020,1315,91.79,0
790020,1303,92.64,0
791020,1302,92.71,0
792020,1309,92.21,0
793020,1314,91.86,0
794020,1314,91.86,0
795020,1324,91.14,0
796020,1298,93.00,0
797020,1319,91.50,0
798020,1313,91.93,0
799020,1314,91.86,0
800020,1308,92.29,0
801020,1353,89.07,0
802020,1309,92.21,0
803020,1221,98.50,0
804020,1302,92.71,0
805020,1306,92.43,0
806020,1305,92.50,0
807020,1296,93.14,0
808020,1356,88.86,0
809020,1312,92.00,0
810020,1308,92.29,0
811020,1303,92.64,0
812020,1303,92.64,0
813020,1229,97.93,0
814020,1310,92.14,0
815020,1308,92.29,0
816020,1309,92.21,0
817020,1311,92.07,0
818020,1360,88.57,0
819020,1310,92.14,0
820020,1327,90.93,0
821020,1314,91.86,0
822020,1235,97.50,0
823020,1311,92.07,0
824020,1317,91.64,0
825020,1317,91.64,0
826020,1313,91.93,0
827020,1312,92.00,0
828020,1264,95.43,0
829020,1296,93.14,0
830020,1315,91.79,0
831020,1314,91.86,0
832020,1314,91.86,0
833020,1314,91.86,0
834020,1307,92.36,0
835020,1311,92.07,0
836020,1391,86.36,0
837020,1306,92.43,0
838020,1316,91.71,0
839020,1311,92.07,0
840020,1305,92.50,0
841020,1310,92.14,0
842020,1314,91.86,0
843020,1313,91.93,0
844020,1315,91.79,0
845020,1306,92.43,0
846020,1310,92.14,0
847020,1308,92.29,0
848020,1307,92.36,0
849020,1310,92.14,0
850020,1287,93.79,0
851020,1310,92.14,0
852020,1306,92.43,0
853020,1308,92.29,0
854020,1326,91.00,0
855020,1307,92.36,0
856020,1311,92.07,0
857020,1312,92.00,0
858020,1316,91.71,0
859020,1308,92.29,0
860020,1309,92.21,0
861020,1316,91.71,0
862020,1297,93.07,0
863020,1325,91.07,0
864020,1311,92.07,0
865020,1315,91.79,0
866020,1233,97.64,0
867020,1312,92.00,0
868020,1312,92.00,0
869020,1322,91.29,0
870020,1317,91.64,0
871020,1309,92.21,0
872020,1312,92.00,0
873020,1316,91.71,0
874020,1247,96.64,0
875020,1318,91.57,0
876020,1313,91.93,0
877020,1318,91.57,0
878020,1311,92.07,0
879020,1310,92.14,0
880020,1312,92.00,0
881020,1319,91.50,0
882020,1301,92.79,0
883020,1314,91.86,0
884020,1264,95.43,0
885020,1319,91.50,0
886020,1322,91.29,0
887020,1306,92.43,0
888020,1323,91.21,0
889020,1315,91.79,0
890020,1325,91.07,0
891020,1311,92.07,0
892020,1323,91.21,0
893020,1328,90.86,0
894020,1311,92.07,0
895020,1314,91.86,0
896020,1311,92.07,0
897020,1241,97.07,0
898020,1399,85.79,0
899020,1311,92.07,0
900020,1319,91.50,0
901020,1309,92.21,0
902020,1319,91.50,0
903020,1310,92.14,0
904020,1189,100.00,0
905020,1180,100.00,0
906020,1397,85.93,0
907020,1310,92.14,0
908020,1311,92.07,0
909020,1296,93.14,0
910020,1322,91.29,0
911020,1314,91.86,0
912020,1314,91.86,0
913020,1320,91.43,0
914020,1313,91.93,0
915020,1329,90.79,0
916020,1322,91.29,0
917020,1346,89.57,0
918020,1312,92.00,0
919020,1314,91.86,0
920020,1311,92.07,0
921020,1318,91.57,0
922020,1311,92.07,0
923020,1317,91.64,0
924020,1319,91.50,0
925020,1318,91.57,0
926020,1312,92.00,0
927020,1319,91.50,0
928020,1319,91.50,0
929020,1258,95.86,0
930020,1321,91.36,0
931020,1318,91.57,0
932020,1315,91.79,0
933020,1313,91.93,0
934020,1313,91.93,0
935020,1313,91.93,0
936020,1321,91.36,0
937020,1312,92.00,0
938020,1312,92.00,0
939020,1242,97.00,0
940020,1270,95.00,0
941020,1315,91.79,0
942020,1319,91.50,0
943020,1307,92.36,0
944020,1310,92.14,0
945020,1314,91.86,0
946020,1313,91.93,0
947020,1296,93.14,0
948020,1311,92.07,0
949020,1307,92.36,0
950020,1316,91.71,0
951020,1307,92.36,0
952020,1325,91.07,0
953020,1311,92.07,0
954020,1322,91.29,0
955020,1314,91.86,0
956020,1311,92.07,0
957020,1251,96.36,0
958020,1316,91.71,0
959020,1314,91.86,0
960020,1316,91.71,0
961020,1317,91.64,0
962020,1311,92.07,0
963020,1317,91.64,0
964020,1315,91.79,0
965020,1311,92.07,0
966020,1315,91.79,0
967020,1310,92.14,0
968020,1382,87.00,0
969020,1320,91.43,0
970020,1306,92.43,0
971020,1308,92.29,0
972020,1314,91.86,0
973020,1317,91.64,0
974020,1309,92.21,0
975020,1299,92.93,0
976020,1311,92.07,0
977020,1309,92.21,0
978020,1308,92.29,0
979020,1289,93.64,0
980020,1315,91.79,0
981020,1315,91.79,0
982020,1313,91.93,0
983020,1312,92.00,0
984020,1435,83.21,0
985020,1314,91.86,0
986020,1315,91.79,0
987020,1313,91.93,0
988020,1318,91.57,0
989020,1312,92.00,0
990020,1311,92.07,0
991020,1314,91.86,0
992020,1285,93.93,0
993020,1211,99.21,0
994020,1313,91.93,0
995020,1349,89.36,0
996020,1321,91.36,0
997020,1313,91.93,0
998020,1310,92.14,0
999020,1319,91.50,0
1000020,1377,87.36,0
1001020,1175,100.00,0
1002020,1297,93.07,0
1003020,1313,91.93,0
1004020,1317,91.64,0
1005020,1311,92.07,0
1006020,1309,92.21,0
1007020,1316,91.71,0
1008020,1314,91.86,0
1009020,1362,88.43,0
1010020,1319,91.50,0
1011020,1307,92.36,0
1012020,1317,91.64,0
1013020,1327,90.93,0
1014020,1310,92.14,0
1015020,1313,91.93,0
1016020,1306,92.43,0
1017020,1310,92.14,0
1018020,1308,92.29,0
1019020,1307,92.36,0
1020020,1350,89.29,0
1021020,1297,93.07,0
1022020,1314,91.86,0
1023020,1310,92.14,0
1024020,1359,88.64,0
1025020,1419,84.36,0
1026020,1319,91.50,0
1027020,1318,91.57,0
1028020,1293,93.36,0
1029020,1311,92.07,0
1030020,1310,92.14,0
1031020,1309,92.21,0
1032020,1250,96.43,0
1033020,1315,91.79,0
1034020,1313,91.93,0
1035020,1326,91.00,0
1036020,1326,91.00,0
1037020,1357,88.79,0
1038020,1326,91.00,0
1039020,1312,92.00,0
1040020,1311,92.07,0
1041020,1318,91.57,0
1042020,1315,91.79,0
1043020,1351,89.21,0
1044020,1323,91.21,0
1045020,1315,91.79,0
1046020,1280,94.29,0
1047020,1309,92.21,0
1048020,1315,91.79,0
1049020,1280,94.29,0
1050020,1454,81.86,0
1051020,1315,91.79,0
1052020,1310,92.14,0
1053020,1315,91.79,0
1054020,1309,92.21,0
1055020,1319,91.50,0
1056020,1368,88.00,0
1057020,1341,89.93,0
1058020,1344,89.71,0
1059020,1307,92.36,0
1060020,1325,91.07,0
1061020,1317,91.64,0
1062020,1318,91.57,0
1063020,1325,91.07,0
1064020,1325,91.07,0
1065020,1323,91.21,0
1066020,1360,88.57,0
1067020,1315,91.79,0
1068020,1319,91.50,0
1069020,1325,91.07,0
1070020,1262,95.57,0
1071020,1327,90.93,0
1072020,1326,91.00,0
1073020,1303,92.64,0
1074020,1315,91.79,0
1075020,1328,90.86,0
1076020,1323,91.21,0
1077020,1322,91.29,0
1078020,1314,91.86,0
1079020,1315,91.79,0
1080020,1325,91.07,0
1081020,1456,81.71,0
1082020,1327,90.93,0
1083020,1315,91.79,0
1084020,1321,91.36,0
1085020,1328,90.86,0
1086020,1311,92.07,0
1087020,1315,91.79,0
1088020,1214,99.00,0
1089020,1313,91.93,0
1090020,1312,92.00,0
1091020,1303,92.64,0
1092020,1315,91.79,0
1093020,1319,91.50,0
1094020,1319,91.50,0
1095020,1343,89.79,0
1096020,1351,89.21,0
1097020,1310,92.14,0
1098020,1307,92.36,0
1099020,1329,90.79,0
1100020,1309,92.21,0
1101020,1320,91.43,0
1102020,1315,91.79,0
1103020,1313,91.93,0
1104020,1319,91.50,0
1105020,1328,90.86,0
1106020,1335,90.36,0
1107020,1321,91.36,0
1108020,1322,91.29,0
1109020,1326,91.00,0
1110020,1328,90.86,0
1111020,1327,90.93,0
1112020,1326,91.00,0
1113020,1323,91.21,0
1114020,1329,90.79,0
1115020,1323,91.21,0
1116020,1325,91.07,0
1117020,1317,91.64,0
1118020,1344,89.71,0
1119020,1323,91.21,0
1120020,1314,91.86,0
1121020,1314,91.86,0
1122020,1345,89.64,0
1123020,1314,91.86,0
1124020,1330,90.71,0
1125020,1319,91.50,0
1126020,1323,91.21,0
1127020,1351,89.21,0
1128020,1312,92.00,0
1129020,1307,92.36,0
1130020,1316,91.71,0
1131020,1316,91.71,0
1132020,1314,91.86,0
1133020,1307,92.36,0
1134020,1311,92.07,0
1135020,1323,91.21,0
1136020,1327,90.93,0
1137020,1321,91.36,0
1138020,1319,91.50,0
1139020,1317,91.64,0
1140020,1333,90.50,0
1141020,1321,91.36,0
1142020,1322,91.29,0
1143020,1326,91.00,0
1144020,1325,91.07,0
1145020,1327,90.93,0
1146020,1322,91.29,0
1147020,1327,90.93,0
1148020,1338,90.14,0
1149020,1318,91.57,0
1150020,1327,90.93,0
1151020,1315,91.79,0
1152020,1328,90.86,0
1153020,1329,90.79,0
1154020,1325,91.07,0
1155020,1309,92.21,0
1156020,1354,89.00,0
1157020,1367,88.07,0
1158020,1440,82.86,0
1159020,1318,91.57,0
1160020,1317,91.64,0
1161020,1317,91.64,0
1162020,1298,93.00,0
1163020,1328,90.86,0
1164020,1328,90.86,0
1165020,1322,91.29,0
1166020,1322,91.29,0
1167020,1322,91.29,0
1168020,1327,90.93,0
1169020,1319,91.50,0
1170020,1325,91.07,0
1171020,1327,90.93,0
1172020,1319,91.50,0
1173020,1319,91.50,0
1174020,1312,92.00,0
1175020,1318,91.57,0
1176020,1325,91.07,0
1177020,1325,91.07,0
1178020,1337,90.21,0
1179020,1273,94.79,0
1180020,1324,91.14,0
1181020,1327,90.93,0
1182020,1466,81.00,0
1183020,1328,90.86,0
1184020,1344,89.71,0
1185020,1329,90.79,0
1186020,1349,89.36,0
1187020,1326,91.00,0
1188020,1311,92.07,0
1189020,1315,91.79,0
1190020,1328,90.86,0
1191020,1316,91.71,0
1192020,1317,91.64,0
1193020,1316,91.71,0
1194020,1488,79.43,0
1195020,1322,91.29,0
1196020,1329,90.79,0
1197020,1319,91.50,0
1198020,1315,91.79,0
1199020,1321,91.36,0
1200020,1312,92.00,0
1201020,1232,97.71,0
1202020,1280,94.29,0
1203020,1322,91.29,0
1204020,1316,91.71,0
1205020,1317,91.64,0
1206020,1330,90.71,0
1207020,1323,91.21,0
1208020,1323,91.21,0
1209020,1319,91.50,0
1210020,1317,91.64,0
1211020,1314,91.86,0
1212020,1332,90.57,0
1213020,1318,91.57,0
1214020,1319,91.50,0
1215020,1450,82.14,0
1216020,1325,91.07,0
1217020,1308,92.29,0
1218020,1322,91.29,0
1219020,1265,95.36,0
1220020,1317,91.64,0
1221020,1261,95.64,0
1222020,1318,91.57,0
1223020,1317,91.64,0
1224020,1319,91.50,0
1225020,1311,92.07,0
1226020,1319,91.50,0
1227020,1311,92.07,0
1228020,1314,91.86,0
1229020,1321,91.36,0
1230020,1319,91.50,0
1231020,1312,92.00,0
1232020,1328,90.86,0
1233020,1319,91.50,0
1234020,1362,88.43,0
1235020,1319,91.50,0
1236020,1322,91.29,0
1237020,1294,93.29,0
1238020,1188,100.00,0
1239020,1328,90.86,0
1240020,1322,91.29,0
1241020,1321,91.36,0
1242020,1322,91.29,0
1243020,1328,90.86,0
1244020,1319,91.50,0
1245020,1321,91.36,0
1246020,1329,90.79,0
1247020,1318,91.57,0
1248020,1327,90.93,0
1249020,1319,91.50,0
1250020,1311,92.07,0
1251020,1362,88.43,0
1252020,1328,90.86,0
1253020,1327,90.93,0
1254020,1233,97.64,0
1255020,1327,90.93,0
1256020,1324,91.14,0
1257020,1317,91.64,0
1258020,1327,90.93,0
1259020,1327,90.93,0
1260020,1325,91.07,0
1261020,1316,91.71,0
1262020,1315,91.79,0
1263020,1325,91.07,0
1264020,1378,87.29,0
1265020,1319,91.50,0
1266020,1311,92.07,0
1267020,1322,91.29,0
1268020,1323,91.21,0
1269020,1312,92.00,0
1270020,1347,89.50,0
1271020,1317,91.64,0
1272020,1314,91.86,0
1273020,1313,91.93,0
1274020,1319,91.50,0
1275020,1316,91.71,0
1276020,1219,98.64,0
1277020,1313,91.93,0
1278020,1318,91.57,0
1279020,1318,91.57,0
1280020,1323,91.21,0
1281020,1319,91.50,0
1282020,1314,91.86,0
1283020,1309,92.21,0
1284020,1321,91.36,0
1285020,1315,91.79,0
1286020,1418,84.43,0
1287020,1296,93.14,0
1288020,1314,91.86,0
1289020,1317,91.64,0
1290020,1325,91.07,0
1291020,1322,91.29,0
1292020,1310,92.14,0
1293020,1277,94.50,0
1294020,1322,91.29,0
1295020,1321,91.36,0
1296020,1311,92.07,0
1297020,1321,91.36,0
1298020,1317,91.64,0
1299020,1398,85.86,0
1300020,1322,91.29,0
1301020,1259,95.79,0
1302020,1313,91.93,0
1303020,1318,91.57,0
1304020,1317,91.64,0
1305020,1317,91.64,0
1306020,1193,100.00,0
1307020,1284,94.00,0
1308020,1306,92.43,0
1309020,1340,90.00,0
1310020,1323,91.21,0
1311020,1319,91.50,0
1312020,1315,91.79,0
1313020,1312,92.00,0
1314020,1309,92.21,0
1315020,1321,91.36,0
1316020,1314,91.86,0
1317020,1321,91.36,0
1318020,1328,90.86,0
1319020,1319,91.50,0
1320020,1350,89.29,0
1321020,1318,91.57,0
1322020,1350,89.29,0
1323020,1316,91.71,0
1324020,1270,95.00,0
1325020,1313,91.93,0
1326020,1328,90.86,0
1327020,1319,91.50,0
1328020,1315,91.79,0
1329020,1363,88.36,0
1330020,1311,92.07,0
1331020,1314,91.86,0
1332020,1307,92.36,0
1333020,1318,91.57,0
1334020,1325,91.07,0
1335020,1355,88.93,0
1336020,1209,99.36,0
1337020,1351,89.21,0
1338020,1296,93.14,0
1339020,1355,88.93,0
1340020,1355,88.93,0
1341020,1351,89.21,0
1342020,1350,89.29,0
1343020,1347,89.50,0
1344020,1323,91.21,0
1345020,1323,91.21,0
1346020,1319,91.50,0
1347020,1323,91.21,0
1348020,1323,91.21,0
1349020,1328,90.86,0
1350020,1318,91.57,0
1351020,1318,91.57,0
1352020,1335,90.36,0
1353020,1315,91.79,0
1354020,1321,91.36,0
1355020,1319,91.50,0
1356020,1313,91.93,0
1357020,1322,91.29,0
1358020,1323,91.21,0
1359020,1321,91.36,0
1360020,1321,91.36,0
1361020,1349,89.36,0
1362020,1319,91.50,0
1363020,1319,91.50,0
1364020,1325,91.07,0
1365020,1326,91.00,0
1366020,1326,91.00,0
1367020,1250,96.43,0
1368020,1302,92.71,0
1369020,1325,91.07,0
1370020,1311,92.07,0
1371020,1321,91.36,0
1372020,1326,91.00,0
1373020,1326,91.00,0
1374020,1324,91.14,0
1375020,1392,86.29,0
1376020,1326,91.00,0
1377020,1328,90.86,0
1378020,1324,91.14,0
1379020,1313,91.93,0
1380020,1323,91.21,0
1381020,1325,91.07,0
1382020,1317,91.64,0
1383020,1317,91.64,0
1384020,1344,89.71,0
1385020,1317,91.64,0
1386020,1301,92.79,0
1387020,1360,88.57,0
1388020,1444,82.57,0
1389020,1329,90.79,0
1390020,1323,91.21,0
1391020,1312,92.00,0
1392020,1321,91.36,0
1393020,1319,91.50,0
1394020,1319,91.50,0
1395020,1322,91.29,0
1396020,1323,91.21,0
1397020,1315,91.79,0
1398020,1328,90.86,0
1399020,1328,90.86,0
1400020,1316,91.71,0
1401020,1307,92.36,0
1402020,1345,89.64,0
1403020,1357,88.79,0
1404020,1354,89.00,0
1405020,1343,89.79,0
1406020,1321,91.36,0
1407020,1321,91.36,0
1408020,1456,81.71,0
1409020,1314,91.86,0
1410020,1314,91.86,0
1411020,1310,92.14,0
1412020,1318,91.57,0
1413020,1328,90.86,0
1414020,1335,90.36,0
1415020,1323,91.21,0
1416020,1321,91.36,0
1417020,1309,92.21,0
1418020,1316,91.71,0
1419020,1314,91.86,0
1420020,1286,93.86,0
1421020,1313,91.93,0
1422020,1358,88.71,0
1423020,1307,92.36,0
1424020,1313,91.93,0
1425020,1312,92.00,0
1426020,1317,91.64,0
1427020,1315,91.79,0
1428020,1312,92.00,0
1429020,1318,91.57,0
1430020,1326,91.00,0
1431020,1318,91.57,0
1432020,1315,91.79,0
1433020,1314,91.86,0
1434020,1328,90.86,0
1435020,1316,91.71,0
1436020,1319,91.50,0
1437020,1311,92.07,0
1438020,1315,91.79,0
1439020,1325,91.07,0
1440020,1310,92.14,0
1441020,1319,91.50,0
1442020,1347,89.50,0
1443020,1319,91.50,0
1444020,1317,91.64,0
1445020,1318,91.57,0
1446020,1322,91.29,0
1447020,1316,91.71,0
1448020,1327,90.93,0
1449020,1315,91.79,0
1450020,1313,91.93,0
1451020,1315,91.79,0
1452020,1316,91.71,0
1453020,1314,91.86,0
1454020,1314,91.86,0
1455020,1363,88.36,0
1456020,1319,91.50,0
1457020,1313,91.93,0
1458020,1339,90.07,0
1459020,1322,91.29,0
1460020,1321,91.36,0
1461020,1326,91.00,0
1462020,1309,92.21,0
1463020,1314,91.86,0
1464020,1344,89.71,0
1465020,1293,93.36,0
1466020,1320,91.43,0
1467020,1349,89.36,0
1468020,1324,91.14,0
1469020,1313,91.93,0
1470020,1322,91.29,0
1471020,1316,91.71,0
1472020,1362,88.43,0
1473020,1313,91.93,0
1474020,1323,91.21,0
1475020,1314,91.86,0
1476020,1328,90.86,0
1477020,1315,91.79,0
1478020,1319,91.50,0
1479020,1318,91.57,0
1480020,1294,93.29,0
1481020,1321,91.36,0
1482020,1316,91.71,0
1483020,1321,91.36,0
1484020,1326,91.00,0
1485020,1328,90.86,0
1486020,1354,89.00,0
1487020,1328,90.86,0
1488020,1326,91.00,0
1489020,1322,91.29,0
1490020,1299,92.93,0
1491020,1325,91.07,0
1492020,1327,90.93,0
1493020,1295,93.21,0
1494020,1327,90.93,0
1495020,1319,91.50,0
1496020,1375,87.50,0
1497020,1315,91.79,0
1498020,1328,90.86,0
1499020,1323,91.21,0
1500020,1317,91.64,0
1501020,1307,92.36,0
1502020,1315,91.79,0
1503020,1191,100.00,0
1504020,1326,91.00,0
1505020,1324,91.14,0
1506020,1302,92.71,0
1507020,1315,91.79,0
1508020,1318,91.57,0
1509020,1319,91.50,0
1510020,1227,98.07,0
1511020,1327,90.93,0
1512020,1314,91.86,0
1513020,1315,91.79,0
1514020,1325,91.07,0
1515020,1318,91.57,0
1516020,1479,80.07,0
1517020,1319,91.50,0
1518020,1328,90.86,0
1519020,1806,56.71,0
1520020,2128,33.71,1
1521020,2139,32.93,1
1522020,2139,32.93,1
1523020,2140,32.86,1
1524020,2154,31.86,1
1525020,2145,32.50,1
1526020,2145,32.50,1
1527020,2075,37.50,1
1528020,2145,32.50,1
1529020,2117,34.50,1
1530020,1739,61.50,0
1531020,1598,71.57,0
1532020,1554,74.71,0
1533020,1504,78.29,0
1534020,1520,77.14,0
1535020,1503,78.36,0
1536020,1505,78.21,0
1537020,1512,77.71,0
1538020,1488,79.43,0
1539020,1509,77.93,0
1540020,1511,77.79,0
1541020,1504,78.29,0
1542020,1503,78.36,0
1543020,1499,78.64,0
1544020,1504,78.29,0
1545020,1505,78.21,0
1546020,1498,78.71,0
1547020,1517,77.36,0
1548020,1462,81.29,0
1549020,1498,78.71,0
1550020,1516,77.43,0
1551020,1504,78.29,0
1552020,1506,78.14,0
1553020,1510,77.86,0
1554020,1503,78.36,0
1555020,1501,78.50,0
1556020,1507,78.07,0
1557020,1501,78.50,0
1558020,1515,77.50,0
1559020,1535,76.07,0
1560020,1565,73.93,0
1561020,1516,77.43,0
1562020,1493,79.07,0
1563020,1504,78.29,0
1564020,1511,77.79,0
1565020,1517,77.36,0
1566020,1515,77.50,0
1567020,1507,78.07,0
1568020,1513,77.64,0
1569020,1510,77.86,0
1570020,1472,80.57,0
1571020,1514,77.57,0
1572020,1511,77.79,0
1573020,1505,78.21,0
1574020,1519,77.21,0
1575020,1520,77.14,0
1576020,1535,76.07,0
1577020,1521,77.07,0
1578020,1525,76.79,0
1579020,1457,81.64,0
1580020,1510,77.86,0
1581020,1509,77.93,0
1582020,1555,74.64,0
1583020,1519,77.21,0
1584020,1514,77.57,0
1585020,1515,77.50,0
1586020,1525,76.79,0
1587020,1519,77.21,0
1588020,1522,77.00,0
1589020,1522,77.00,0
1590020,1520,77.14,0
1591020,1521,77.07,0
1592020,1518,77.29,0
1593020,1521,77.07,0
1594020,1503,78.36,0
1595020,1515,77.50,0
1596020,1511,77.79,0
1597020,1508,78.00,0
1598020,1518,77.29,0
1599020,1501,78.50,0
1600020,1522,77.00,0
1601020,1514,77.57,0
1602020,1509,77.93,0
1603020,1520,77.14,0
1604020,1491,79.21,0
1605020,1515,77.50,0
1606020,1497,78.79,0
1607020,1517,77.36,0
1608020,1521,77.07,0
1609020,1523,76.93,0
1610020,1517,77.36,0
1611020,1511,77.79,0
1612020,1515,77.50,0
1613020,1514,77.57,0
1614020,1533,76.21,0
1615020,1513,77.64,0
1616020,1517,77.36,0
1617020,1510,77.86,0
1618020,1505,78.21,0
1619020,1520,77.14,0
1620020,1513,77.64,0
1621020,1515,77.50,0
1622020,1515,77.50,0
1623020,1517,77.36,0
1624020,1511,77.79,0
1625020,1519,77.21,0
1626020,1515,77.50,0
1627020,1506,78.14,0
1628020,1520,77.14,0
1629020,1562,74.14,0
1630020,1514,77.57,0
1631020,1526,76.71,0
1632020,1531,76.36,0
1633020,1507,78.07,0
1634020,1520,77.14,0
1635020,1517,77.36,0
1636020,1520,77.14,0
1637020,1535,76.07,0
1638020,1523,76.93,0
1639020,1535,76.07,0
1640020,1520,77.14,0
1641020,1506,78.14,0
1642020,1516,77.43,0
1643020,1514,77.57,0
1644020,1515,77.50,0
1645020,1526,76.71,0
1646020,1515,77.50,0
1647020,1519,77.21,0
1648020,1518,77.29,0
1649020,1507,78.07,0
1650020,1510,77.86,0
1651020,1614,70.43,0
1652020,1526,76.71,0
1653020,1522,77.00,0
1654020,1528,76.57,0
1655020,1513,77.64,0
1656020,1511,77.79,0
1657020,1520,77.14,0
1658020,1535,76.07,0
1659020,1520,77.14,0
1660020,1514,77.57,0
1661020,1520,77.14,0
1662020,1488,79.43,0
1663020,1403,85.50,0
1664020,1534,76.14,0
1665020,1507,78.07,0
1666020,1515,77.50,0
1667020,1610,70.71,0
1668020,1506,78.14,0
1669020,1499,78.64,0
1670020,1514,77.57,0
1671020,1511,77.79,0
1672020,1515,77.50,0
1673020,1508,78.00,0
1674020,1572,73.43,0
1675020,1523,76.93,0
1676020,1535,76.07,0
1677020,1519,77.21,0
1678020,1519,77.21,0
1679020,1422,84.14,0
1680020,1514,77.57,0
1681020,1507,78.07,0
1682020,1520,77.14,0
1683020,1519,77.21,0
1684020,1520,77.14,0
1685020,1515,77.50,0
1686020,1506,78.14,0
1687020,1508,78.00,0
1688020,1554,74.71,0
1689020,1508,78.00,0
1690020,1519,77.21,0
1691020,1506,78.14,0
1692020,1506,78.14,0
1693020,1506,78.14,0
1694020,1505,78.21,0
1695020,1515,77.50,0
1696020,1513,77.64,0
1697020,1520,77.14,0
1698020,1485,79.64,0
1699020,1519,77.21,0
1700020,1520,77.14,0
1701020,1519,77.21,0
1702020,1584,72.57,0
1703020,1535,76.07,0
1704020,1506,78.14,0
1705020,1535,76.07,0
1706020,1485,79.64,0
1707020,1529,76.50,0
1708020,1423,84.07,0
1709020,1509,77.93,0
1710020,1529,76.50,0
1711020,1515,77.50,0
1712020,1519,77.21,0
1713020,1504,78.29,0
1714020,1519,77.21,0
1715020,1517,77.36,0
1716020,1529,76.50,0
1717020,1525,76.79,0
1718020,1591,72.07,0
1719020,1471,80.64,0
1720020,1504,78.29,0
1721020,1525,76.79,0
1722020,1514,77.57,0
1723020,1515,77.50,0
1724020,1523,76.93,0
1725020,1517,77.36,0
1726020,1525,76.79,0
1727020,1518,77.29,0
1728020,1519,77.21,0
1729020,1511,77.79,0
1730020,1497,78.79,0
1731020,1524,76.86,0
1732020,1535,76.07,0
1733020,1520,77.14,0
1734020,1511,77.79,0
1735020,1623,69.79,0
1736020,1446,82.43,0
1737020,1533,76.21,0
1738020,1520,77.14,0
1739020,1515,77.50,0
1740020,1535,76.07,0
1741020,1601,71.36,0
1742020,1521,77.07,0
1743020,1520,77.14,0
1744020,1518,77.29,0
1745020,1535,76.07,0
1746020,1515,77.50,0
1747020,1518,77.29,0
1748020,1488,79.43,0
1749020,1525,76.79,0
1750020,1522,77.00,0
1751020,1525,76.79,0
1752020,1519,77.21,0
1753020,1520,77.14,0
1754020,1525,76.79,0
1755020,1518,77.29,0
1756020,1385,86.79,0
1757020,1515,77.50,0
1758020,1521,77.07,0
1759020,1521,77.07,0
1760020,1520,77.14,0
1761020,1521,77.07,0
1762020,1641,68.50,0
1763020,1519,77.21,0
1764020,1535,76.07,0
1765020,1520,77.14,0
1766020,1515,77.50,0
1767020,1510,77.86,0
1768020,1519,77.21,0
1769020,1519,77.21,0
1770020,1501,78.50,0
1771020,1522,77.00,0
1772020,1457,81.64,0
1773020,1519,77.21,0
1774020,1523,76.93,0
1775020,1535,76.07,0
1776020,1514,77.57,0
1777020,1521,77.07,0
1778020,1517,77.36,0
1779020,1521,77.07,0
1780020,1515,77.50,0
1781020,1514,77.57,0
1782020,1515,77.50,0
1783020,1377,87.36,0
1784020,1520,77.14,0
1785020,1520,77.14,0
1786020,1523,76.93,0
1787020,1517,77.36,0
1788020,1519,77.21,0
1789020,1505,78.21,0
1790020,1525,76.79,0
1791020,1527,76.64,0
1792020,1520,77.14,0
1793020,1515,77.50,0
1794020,1514,77.57,0
1795020,1519,77.21,0
1796020,1471,80.64,0
1797020,1515,77.50,0
1798020,1519,77.21,0
1799020,1567,73.79,0
1800020,1522,77.00,0
1801020,1520,77.14,0
1802020,1535,76.07,0
1803020,1520,77.14,0
1804020,1505,78.21,0
1805020,1519,77.21,0
1806020,1513,77.64,0
1807020,1511,77.79,0
1808020,1520,77.14,0
1809020,1510,77.86,0
1810020,1575,73.21,0
1811020,1518,77.29,0
1812020,1521,77.07,0
1813020,1504,78.29,0
1814020,1521,77.07,0
1815020,1520,77.14,0
1816020,1521,77.07,0
1817020,1514,77.57,0
1818020,1513,77.64,0
1819020,1520,77.14,0
1820020,1515,77.50,0
1821020,1565,73.93,0
1822020,1533,76.21,0
1823020,1519,77.21,0
1824020,1535,76.07,0
1825020,1520,77.14,0
1826020,1518,77.29,0
1827020,1521,77.07,0
1828020,1522,77.00,0
1829020,1521,77.07,0
1830020,1520,77.14,0
1831020,1520,77.14,0
1832020,1510,77.86,0
1833020,1521,77.07,0
1834020,1520,77.14,0
1835020,1506,78.14,0
1836020,1522,77.00,0
1837020,1519,77.21,0
1838020,1520,77.14,0
1839020,1515,77.50,0
1840020,1515,77.50,0
1841020,1520,77.14,0
1842020,1511,77.79,0
1843020,1511,77.79,0
1844020,1535,76.07,0
1845020,1509,77.93,0
1846020,1513,77.64,0
1847020,1520,77.14,0
1848020,1444,82.57,0
1849020,1516,77.43,0
1850020,1520,77.14,0
1851020,1507,78.07,0
1852020,1517,77.36,0
1853020,1520,77.14,0
1854020,1647,68.07,0
1855020,1505,78.21,0
1856020,1526,76.71,0
1857020,1522,77.00,0
1858020,1519,77.21,0
1859020,1494,79.00,0
1860020,1519,77.21,0
1861020,1515,77.50,0
1862020,1520,77.14,0
1863020,1527,76.64,0
1864020,1457,81.64,0
1865020,1505,78.21,0
1866020,1511,77.79,0
1867020,1519,77.21,0
1868020,1518,77.29,0
1869020,1520,77.14,0
1870020,1494,79.00,0
1871020,1479,80.07,0
1872020,1517,77.36,0
1873020,1516,77.43,0
1874020,1489,79.36,0
1875020,1515,77.50,0
1876020,1515,77.50,0
1877020,1509,77.93,0
1878020,1517,77.36,0
1879020,1513,77.64,0
1880020,1517,77.36,0
1881020,1519,77.21,0
1882020,1520,77.14,0
1883020,1517,77.36,0
1884020,1496,78.86,0
1885020,1518,77.29,0
1886020,1513,77.64,0
1887020,1514,77.57,0
1888020,1520,77.14,0
1889020,1520,77.14,0
1890020,1505,78.21,0
1891020,1511,77.79,0
1892020,1517,77.36,0
1893020,1519,77.21,0
1894020,1505,78.21,0
1895020,1513,77.64,0
1896020,1518,77.29,0
1897020,1517,77.36,0
1898020,1526,76.71,0
1899020,1533,76.21,0
1900020,1494,79.00,0
1901020,1515,77.50,0
1902020,1515,77.50,0
1903020,1520,77.14,0
1904020,1520,77.14,0
1905020,1389,86.50,0
1906020,1510,77.86,0
1907020,1495,78.93,0
1908020,1511,77.79,0
1909020,1526,76.71,0
1910020,1585,72.50,0
1911020,1519,77.21,0
1912020,1520,77.14,0
1913020,1520,77.14,0
1914020,1522,77.00,0
1915020,1571,73.50,0
1916020,1515,77.50,0
1917020,1520,77.14,0
1918020,1516,77.43,0
1919020,1507,78.07,0
1920020,1506,78.14,0
1921020,1518,77.29,0
1922020,1518,77.29,0
1923020,1520,77.14,0
1924020,1520,77.14,0
1925020,1513,77.64,0
1926020,1514,77.57,0
1927020,1523,76.93,0
1928020,1497,78.79,0
1929020,1518,77.29,0
1930020,1517,77.36,0
1931020,1533,76.21,0
1932020,1520,77.14,0
1933020,1504,78.29,0
1934020,1535,76.07,0
1935020,1520,77.14,0
1936020,1590,72.14,0
1937020,1523,76.93,0
1938020,1485,79.64,0
1939020,1525,76.79,0
1940020,1515,77.50,0
1941020,1514,77.57,0
1942020,1520,77.14,0
1943020,1531,76.36,0
1944020,1520,77.14,0
1945020,1521,77.07,0
1946020,1519,77.21,0
1947020,1520,77.14,0
1948020,1519,77.21,0
1949020,1520,77.14,0
1950020,1521,77.07,0
1951020,1523,76.93,0
1952020,1445,82.50,0
1953020,1513,77.64,0
1954020,1513,77.64,0
1955020,1553,74.79,0
1956020,1516,77.43,0
1957020,2037,40.21,1
1958020,2066,38.14,1
1959020,2069,37.93,1
1960020,2072,37.71,1
1961020,2067,38.07,1
1962020,2067,38.07,1
1963020,2077,37.36,1
1964020,2067,38.07,1
1965020,2070,37.86,1
1966020,2071,37.79,1
1967020,2166,31.00,1
1968020,2128,33.71,1
1969020,2086,36.71,1
1970020,2094,36.14,1
1971020,2083,36.93,1
1972020,2077,37.36,1
1973020,2102,35.57,1
1974020,2071,37.79,1
1975020,2083,36.93,1
1976020,2079,37.21,1
1977020,2063,38.36,1
1978020,2081,37.07,1
1979020,2067,38.07,1
1980020,2094,36.14,1
1981020,2071,37.79,1
1982020,2081,37.07,1
1983020,2079,37.21,1
1984020,2079,37.21,1
1985020,2078,37.29,1
1986020,2086,36.71,1
1987020,2086,36.71,1
1988020,2063,38.36,1
1989020,2071,37.79,1
1990020,2083,36.93,1
1991020,2089,36.50,1
1992020,2100,35.71,1
1993020,2090,36.43,1
1994020,2122,34.14,1
1995020,2096,36.00,1
1996020,2068,38.00,1
1997020,2092,36.29,1
1998020,2129,33.64,1
1999020,2082,37.00,1
2000020,2090,36.43,1
2001020,2035,40.36,1
2002020,2185,29.64,1
2003020,2341,18.50,1
2004020,2061,38.50,1
2005020,2079,37.21,1
2006020,2127,33.79,1
2007020,2098,35.86,1
2008020,2194,29.00,1
2009020,2089,36.50,1
2010020,2137,33.07,1
2011020,2213,27.64,1
2012020,2146,32.43,1
2013020,2495,7.50,1
2014020,2285,22.50,1
2015020,2354,17.57,1
2016020,2189,29.36,1
2017020,2270,23.57,1
2018020,2245,25.36,1
2019020,2303,21.21,1
2020020,2391,14.93,1
2021020,2388,15.14,1
2022020,2402,14.14,1
2023020,2398,14.43,1
2024020,2323,19.79,1
2025020,2197,28.79,1
2026020,2234,26.14,1
2027020,2237,25.93,1
2028020,2202,28.43,1
2029020,2362,17.00,1
2030020,2352,17.71,1
2031020,2307,20.93,1
2032020,2354,17.57,1
2033020,2371,16.36,1
2034020,2439,11.50,1
2035020,2551,3.50,1
2036020,2544,4.00,1
2037020,2559,2.93,1
2038020,2559,2.93,1
2039020,2558,3.00,1
2040020,2590,0.71,1
2041020,2601,0.00,1
2042020,2608,0.00,1
2043020,2559,2.93,1
2044020,2595,0.36,1
2045020,2559,2.93,1
2046020,2559,2.93,1
2047020,2559,2.93,1
2048020,2550,3.57,1
2049020,2582,1.29,1
2050020,2559,2.93,1
2051020,2586,1.00,1
2052020,2593,0.50,1
2053020,2593,0.50,1
2054020,2594,0.43,1
2055020,2607,0.00,1
2056020,2585,1.07,1
2057020,2593,0.50,1
2058020,2599,0.07,1
2059020,2640,0.00,1
2060020,2656,0.00,1
2061020,2705,0.00,1
2062020,2662,0.00,1
2063020,2533,4.79,1
2064020,2651,0.00,1
2065020,2627,0.00,1
2066020,2624,0.00,1
2067020,2615,0.00,1
2068020,2622,0.00,1
2069020,2631,0.00,1
2070020,2590,0.71,1
2071020,2614,0.00,1
2072020,2622,0.00,1
2073020,2625,0.00,1
2074020,2688,0.00,1
2075020,2638,0.00,1
2076020,2653,0.00,1
2077020,2653,0.00,1
2078020,2650,0.00,1
2079020,2667,0.00,1
2080020,2672,0.00,1
2081020,2647,0.00,1
2082020,2666,0.00,1
2083020,2655,0.00,1
2084020,2671,0.00,1
2085020,2672,0.00,1
2086020,2660,0.00,1
2087020,2664,0.00,1
2088020,2700,0.00,1
2089020,2665,0.00,1
2090020,2695,0.00,1
2091020,2650,0.00,1
2092020,2646,0.00,1
2093020,2650,0.00,1
2094020,2675,0.00,1
2095020,2635,0.00,1
2096020,2640,0.00,1
2097020,2688,0.00,1
2098020,2640,0.00,1
2099020,2637,0.00,1
2100020,2637,0.00,1
2101020,2631,0.00,1
2102020,2639,0.00,1
2103020,2645,0.00,1
2104020,2639,0.00,1
2105020,2673,0.00,1
2106020,2643,0.00,1
2107020,2640,0.00,1
2108020,2640,0.00,1
2109020,2647,0.00,1
2110020,2631,0.00,1
2111020,2624,0.00,1
2112020,2614,0.00,1
2113020,2630,0.00,1
2114020,2626,0.00,1
2115020,2633,0.00,1
2116020,2635,0.00,1
2117020,2634,0.00,1
2118020,2635,0.00,1
2119020,2640,0.00,1
2120020,2637,0.00,1
2121020,2559,2.93,1
2122020,2660,0.00,1
2123020,2592,0.57,1
2124020,2647,0.00,1
2125020,2616,0.00,1
2126020,2631,0.00,1
2127020,2654,0.00,1
2128020,2635,0.00,1
2129020,2631,0.00,1
2130020,2631,0.00,1
2131020,2670,0.00,1
2132020,2639,0.00,1
2133020,2635,0.00,1
2134020,2652,0.00,1
2135020,2636,0.00,1
2136020,2635,0.00,1
2137020,2635,0.00,1
2138020,2627,0.00,1
2139020,2630,0.00,1
2140020,2624,0.00,1
2141020,2635,0.00,1
2142020,2641,0.00,1
2143020,2634,0.00,1
2144020,2627,0.00,1
2145020,2613,0.00,1
2146020,2631,0.00,1
2147020,2623,0.00,1
2148020,2650,0.00,1
2149020,2714,0.00,1
2150020,2624,0.00,1
2151020,2625,0.00,1
2152020,2631,0.00,1
2153020,2663,0.00,1
2154020,2636,0.00,1
2155020,2624,0.00,1
2156020,2626,0.00,1
2157020,2626,0.00,1
2158020,2608,0.00,1
2159020,2671,0.00,1
2160020,2624,0.00,1
2161020,2647,0.00,1
2162020,2636,0.00,1
2163020,2631,0.00,1
2164020,2660,0.00,1
2165020,2624,0.00,1
2166020,2639,0.00,1
2167020,2624,0.00,1
2168020,2624,0.00,1
2169020,2624,0.00,1
2170020,2624,0.00,1
2171020,2633,0.00,1
2172020,2622,0.00,1
2173020,2683,0.00,1
2174020,2621,0.00,1
2175020,2617,0.00,1
2176020,2592,0.57,1
2177020,2622,0.00,1
2178020,2617,0.00,1
2179020,2604,0.00,1
2180020,2626,0.00,1
2181020,2622,0.00,1
2182020,2621,0.00,1
2183020,2625,0.00,1
2184020,2626,0.00,1
2185020,2612,0.00,1
2186020,2609,0.00,1
2187020,2629,0.00,1
2188020,2627,0.00,1
2189020,2582,1.29,1
2190020,2627,0.00,1
2191020,2583,1.21,1
2192020,2583,1.21,1
2193020,2619,0.00,1
2194020,2627,0.00,1
2195020,2621,0.00,1
2196020,2625,0.00,1
2197020,2636,0.00,1
2198020,2620,0.00,1
2199020,2617,0.00,1
2200020,2622,0.00,1
2201020,2623,0.00,1
2202020,2621,0.00,1
2203020,2622,0.00,1
2204020,2619,0.00,1
2205020,2624,0.00,1
2206020,2622,0.00,1
2207020,2624,0.00,1
2208020,2657,0.00,1
2209020,2512,6.29,1
2210020,2624,0.00,1
2211020,2619,0.00,1
2212020,2624,0.00,1
2213020,2625,0.00,1
2214020,2623,0.00,1
2215020,2624,0.00,1
2216020,2594,0.43,1
2217020,2624,0.00,1
2218020,2625,0.00,1
2219020,2623,0.00,1
2220020,2631,0.00,1
2221020,2622,0.00,1
2222020,2608,0.00,1
2223020,2603,0.00,1
2224020,2614,0.00,1
2225020,2640,0.00,1
2226020,2627,0.00,1
2227020,2613,0.00,1
2228020,2591,0.64,1
2229020,2624,0.00,1
2230020,2615,0.00,1
2231020,2603,0.00,1
2232020,2635,0.00,1
2233020,2615,0.00,1
2234020,2559,2.93,1
2235020,2592,0.57,1
2236020,2617,0.00,1
2237020,2617,0.00,1
2238020,2615,0.00,1
2239020,2617,0.00,1
2240020,2625,0.00,1
2241020,2640,0.00,1
2242020,2559,2.93,1
2243020,2615,0.00,1
2244020,2715,0.00,1
2245020,2625,0.00,1
2246020,2627,0.00,1
2247020,2614,0.00,1
2248020,2627,0.00,1
2249020,2624,0.00,1
2250020,2616,0.00,1
2251020,2627,0.00,1
2252020,2623,0.00,1
2253020,2625,0.00,1
2254020,2599,0.07,1
2255020,2618,0.00,1
2256020,2611,0.00,1
2257020,2593,0.50,1
2258020,2613,0.00,1
2259020,2619,0.00,1
2260020,2608,0.00,1
2261020,2661,0.00,1
2262020,2621,0.00,1
2263020,2640,0.00,1
2264020,2615,0.00,1
2265020,2559,2.93,1
2266020,2631,0.00,1
2267020,2617,0.00,1
2268020,2626,0.00,1
2269020,2607,0.00,1
2270020,2623,0.00,1
2271020,2620,0.00,1
2272020,2624,0.00,1
2273020,2624,0.00,1
2274020,2622,0.00,1
2275020,2619,0.00,1
2276020,2619,0.00,1
2277020,2622,0.00,1
2278020,2637,0.00,1
2279020,2620,0.00,1
2280020,2617,0.00,1
2281020,2612,0.00,1
2282020,2613,0.00,1
2283020,2614,0.00,1
2284020,2607,0.00,1
2285020,2624,0.00,1
2286020,2615,0.00,1
2287020,2623,0.00,1
2288020,2649,0.00,1
2289020,2613,0.00,1
2290020,2618,0.00,1
2291020,2624,0.00,1
2292020,2612,0.00,1
2293020,2641,0.00,1
2294020,2539,4.36,1
2295020,2622,0.00,1
2296020,2624,0.00,1
2297020,2608,0.00,1
2298020,2618,0.00,1
2299020,2623,0.00,1
2300020,2605,0.00,1
2301020,2615,0.00,1
2302020,2623,0.00,1
2303020,2625,0.00,1
2304020,2622,0.00,1
2305020,2611,0.00,1
2306020,2613,0.00,1
2307020,2622,0.00,1
2308020,2613,0.00,1
2309020,2621,0.00,1
2310020,2622,0.00,1
2311020,2614,0.00,1
2312020,2624,0.00,1
2313020,2618,0.00,1
2314020,2621,0.00,1
2315020,2610,0.00,1
2316020,2619,0.00,1
2317020,2614,0.00,1
2318020,2614,0.00,1
2319020,2608,0.00,1
2320020,2586,1.00,1
2321020,2620,0.00,1
2322020,2617,0.00,1
2323020,2611,0.00,1
2324020,2613,0.00,1
2325020,2607,0.00,1
2326020,2619,0.00,1
2327020,2615,0.00,1
2328020,2621,0.00,1
2329020,2581,1.36,1
2330020,2617,0.00,1
2331020,2615,0.00,1
2332020,2610,0.00,1
2333020,2623,0.00,1
2334020,2746,0.00,1
2335020,2638,0.00,1
2336020,2623,0.00,1
2337020,2623,0.00,1
2338020,2623,0.00,1
2339020,2622,0.00,1
2340020,2609,0.00,1
2341020,2618,0.00,1
2342020,2615,0.00,1
2343020,2609,0.00,1
2344020,2622,0.00,1
2345020,2536,4.57,1
2346020,2614,0.00,1
2347020,2614,0.00,1
2348020,2621,0.00,1
2349020,2617,0.00,1
2350020,2611,0.00,1
2351020,2612,0.00,1
2352020,2615,0.00,1
2353020,2615,0.00,1
2354020,2592,0.57,1
2355020,2614,0.00,1
2356020,2619,0.00,1
2357020,2613,0.00,1
2358020,2613,0.00,1
2359020,2630,0.00,1
2360020,2622,0.00,1
2361020,2615,0.00,1
2362020,2620,0.00,1
2363020,2559,2.93,1
2364020,2617,0.00,1
2365020,2648,0.00,1
2366020,2620,0.00,1
2367020,2613,0.00,1
2368020,2619,0.00,1
2369020,2625,0.00,1
2370020,2618,0.00,1
2371020,2618,0.00,1
2372020,2592,0.57,1
2373020,2622,0.00,1
2374020,2611,0.00,1
2375020,2619,0.00,1
2376020,2617,0.00,1
2377020,2610,0.00,1
2378020,2623,0.00,1
2379020,2613,0.00,1
2380020,2672,0.00,1
2381020,2618,0.00,1
2382020,2587,0.93,1
2383020,2611,0.00,1
2384020,2611,0.00,1
2385020,2650,0.00,1
2386020,2645,0.00,1
2387020,2621,0.00,1
2388020,2617,0.00,1
2389020,2614,0.00,1
2390020,2615,0.00,1
2391020,2615,0.00,1
2392020,2612,0.00,1
2393020,2611,0.00,1
2394020,2619,0.00,1
2395020,2622,0.00,1
2396020,2610,0.00,1
2397020,2619,0.00,1
2398020,2612,0.00,1
2399020,2613,0.00,1
2400020,2615,0.00,1
2401020,2623,0.00,1
2402020,2611,0.00,1
2403020,2620,0.00,1
2404020,2613,0.00,1
2405020,2611,0.00,1
2406020,2618,0.00,1
2407020,2627,0.00,1
2408020,2653,0.00,1
2409020,2611,0.00,1
2410020,2614,0.00,1
2411020,2613,0.00,1
2412020,2641,0.00,1
2413020,2559,2.93,1
2414020,2611,0.00,1
2415020,2640,0.00,1
2416020,2623,0.00,1
2417020,2617,0.00,1
2418020,2587,0.93,1
2419020,2610,0.00,1
2420020,2613,0.00,1
2421020,2613,0.00,1
2422020,2614,0.00,1
2423020,2613,0.00,1
2424020,2615,0.00,1
2425020,2581,1.36,1
2426020,2609,0.00,1
2427020,2621,0.00,1
2428020,2599,0.07,1
2429020,2624,0.00,1
2430020,2651,0.00,1
2431020,2619,0.00,1
2432020,2613,0.00,1
2433020,2598,0.14,1
2434020,2607,0.00,1
2435020,2621,0.00,1
2436020,2613,0.00,1
2437020,2611,0.00,1
2438020,2618,0.00,1
2439020,2616,0.00,1
2440020,2623,0.00,1
2441020,2613,0.00,1
2442020,2611,0.00,1
2443020,2623,0.00,1
2444020,2621,0.00,1
2445020,2559,2.93,1
2446020,2619,0.00,1
2447020,2615,0.00,1
2448020,2611,0.00,1
2449020,2622,0.00,1
2450020,2618,0.00,1
2451020,2622,0.00,1
2452020,2622,0.00,1
2453020,2611,0.00,1
2454020,2655,0.00,1
2455020,2608,0.00,1
2456020,2621,0.00,1
2457020,2618,0.00,1
2458020,2559,2.93,1
2459020,2611,0.00,1
2460020,2559,2.93,1
2461020,2640,0.00,1
2462020,2615,0.00,1
2463020,2589,0.79,1
2464020,2545,3.93,1
2465020,2612,0.00,1
2466020,2625,0.00,1
2467020,2615,0.00,1
2468020,2611,0.00,1
2469020,2618,0.00,1
2470020,2634,0.00,1
2471020,2613,0.00,1
2472020,2608,0.00,1
2473020,2613,0.00,1
2474020,2614,0.00,1
2475020,2610,0.00,1
2476020,2658,0.00,1
2477020,2615,0.00,1
2478020,2621,0.00,1
2479020,2619,0.00,1
2480020,2621,0.00,1
2481020,2535,4.64,1
2482020,2623,0.00,1
2483020,2635,0.00,1
2484020,2613,0.00,1
2485020,2614,0.00,1
2486020,2624,0.00,1
2487020,2629,0.00,1
2488020,2619,0.00,1
2489020,2622,0.00,1
2490020,2613,0.00,1
2491020,2610,0.00,1
2492020,2631,0.00,1
2493020,2646,0.00,1
2494020,2639,0.00,1
2495020,2641,0.00,1
2496020,2642,0.00,1
2497020,2653,0.00,1
2498020,2640,0.00,1
2499020,2667,0.00,1
2500020,2598,0.14,1
2501020,2658,0.00,1
2502020,2646,0.00,1
2503020,2647,0.00,1
2504020,2641,0.00,1
2505020,2639,0.00,1
2506020,2688,0.00,1
2507020,2640,0.00,1
2508020,2624,0.00,1
2509020,2640,0.00,1
2510020,2641,0.00,1
2511020,2631,0.00,1
2512020,2640,0.00,1
2513020,2642,0.00,1
2514020,2632,0.00,1
2515020,2621,0.00,1
2516020,2695,0.00,1
2517020,2639,0.00,1
2518020,2665,0.00,1
2519020,2641,0.00,1
2520020,2634,0.00,1
2521020,2631,0.00,1
2522020,2629,0.00,1
2523020,2626,0.00,1
2524020,2681,0.00,1
2525020,2633,0.00,1
2526020,2639,0.00,1
2527020,2638,0.00,1
2528020,2631,0.00,1
2529020,2640,0.00,1
2530020,2635,0.00,1
2531020,2640,0.00,1
2532020,2679,0.00,1
2533020,2654,0.00,1
2534020,2587,0.93,1
2535020,2626,0.00,1
2536020,2640,0.00,1
2537020,2643,0.00,1
2538020,2621,0.00,1
2539020,2639,0.00,1
2540020,2636,0.00,1
2541020,2635,0.00,1
2542020,2640,0.00,1
2543020,2685,0.00,1
2544020,2629,0.00,1
2545020,2641,0.00,1
2546020,2625,0.00,1
2547020,2625,0.00,1
2548020,2628,0.00,1
2549020,2622,0.00,1
2550020,2635,0.00,1
2551020,2626,0.00,1
2552020,2637,0.00,1
2553020,2630,0.00,1
2554020,2608,0.00,1
2555020,2639,0.00,1
2556020,2627,0.00,1
2557020,2640,0.00,1
2558020,2730,0.00,1
2559020,2640,0.00,1
2560020,2608,0.00,1
2561020,2597,0.21,1
2562020,2624,0.00,1
2563020,2603,0.00,1
2564020,2624,0.00,1
2565020,2586,1.00,1
2566020,2647,0.00,1
2567020,2618,0.00,1
2568020,2624,0.00,1
2569020,2678,0.00,1
2570020,2630,0.00,1
2571020,2637,0.00,1
2572020,2642,0.00,1
2573020,2634,0.00,1
2574020,2624,0.00,1
2575020,2618,0.00,1
2576020,2629,0.00,1
2577020,2624,0.00,1
2578020,2626,0.00,1
2579020,2633,0.00,1
2580020,2634,0.00,1
2581020,2625,0.00,1
2582020,2627,0.00,1
2583020,2631,0.00,1
2584020,2626,0.00,1
2585020,2558,3.00,1
2586020,2623,0.00,1
2587020,2636,0.00,1
2588020,2658,0.00,1
2589020,2634,0.00,1
2590020,2626,0.00,1
2591020,2621,0.00,1
2592020,2628,0.00,1
2593020,2621,0.00,1
2594020,2627,0.00,1
2595020,2627,0.00,1
2596020,2625,0.00,1
2597020,2633,0.00,1
2598020,2635,0.00,1
2599020,2624,0.00,1
2600020,2630,0.00,1
2601020,2630,0.00,1
2602020,2686,0.00,1
2603020,2623,0.00,1
2604020,2641,0.00,1
2605020,2635,0.00,1
2606020,2630,0.00,1
2607020,2625,0.00,1
2608020,2736,0.00,1
2609020,2634,0.00,1
2610020,2635,0.00,1
2611020,2624,0.00,1
2612020,2631,0.00,1
2613020,2628,0.00,1
2614020,2624,0.00,1
2615020,2637,0.00,1
2616020,2631,0.00,1
2617020,2630,0.00,1
2618020,2625,0.00,1
2619020,2622,0.00,1
2620020,2634,0.00,1
2621020,2623,0.00,1
2622020,2635,0.00,1
2623020,2765,0.00,1
2624020,2624,0.00,1
2625020,2624,0.00,1
2626020,2647,0.00,1
2627020,2624,0.00,1
2628020,2627,0.00,1
2629020,2625,0.00,1
2630020,2640,0.00,1
2631020,2623,0.00,1
2632020,2624,0.00,1
2633020,2630,0.00,1
2634020,2625,0.00,1
2635020,2559,2.93,1
2636020,2624,0.00,1
2637020,2627,0.00,1
2638020,2672,0.00,1
2639020,2626,0.00,1
2640020,2772,0.00,1
2641020,2627,0.00,1
2642020,2624,0.00,1
2643020,2621,0.00,1
2644020,2624,0.00,1
2645020,2629,0.00,1
2646020,2638,0.00,1
2647020,2630,0.00,1
2648020,2629,0.00,1
2649020,2631,0.00,1
2650020,2624,0.00,1
2651020,2647,0.00,1
2652020,2623,0.00,1
